2.277241500000000141e-01 -3.769298225000000668e-01 -4.029449999999989984e-02 4.022747500000001253e-02
-2.827858500000000053e-01 1.951501774999999383e-01 4.740549999999998931e-02 -6.182552499999993678e-02
3.212841500000001016e-01 -8.808398225000000359e-01 -1.198945000000000149e-01 6.898547500000007382e-02
1.784641499999999326e-01 -6.810798225000000983e-01 -9.233449999999998603e-02 5.497347500000004938e-02
4.098541499999999171e-01 -5.539598225000000875e-01 -7.733450000000008373e-02 6.474347500000010580e-02
-7.687828500000000176e-01 5.381131774999998729e-01 8.117550000000006705e-02 -6.465652499999996472e-02
4.014041500000000706e-01 -5.459038225000000244e-01 -8.968449999999994482e-02 8.774847500000004796e-02
2.494241500000000666e-01 2.699017749999993443e-02 -1.929449999999999221e-02 3.807147500000007678e-02
-3.961428499999999353e-01 1.191101774999999696e-01 4.924550000000005312e-02 -6.747352499999992315e-02
3.164341500000000806e-01 -1.606998225000000335e-01 -3.416449999999993103e-02 3.338047500000007606e-02
-2.499258499999998939e-01 5.025871774999999264e-01 6.269550000000001511e-02 -6.842252499999995630e-02
-1.222358500000000348e-01 -3.533408225000000957e-01 -3.049450000000009098e-02 1.790047500000002678e-02
2.607141500000000889e-01 -1.166658225000000160e-01 -1.285449999999999093e-02 3.635147500000002196e-02
8.741415000000007929e-02 2.651721774999999393e-01 4.785550000000005078e-02 -4.380052499999992355e-02
-7.609798500000000132e-01 2.484931774999999399e-01 5.062549999999998995e-02 -2.249852499999993594e-02
-6.336585000000005685e-02 5.376801774999999672e-01 7.865549999999998931e-02 -7.991652499999996051e-02
-9.263584999999996406e-02 4.669497774999999407e-01 4.179550000000009646e-02 -3.899952499999992384e-02
-6.395584999999992526e-02 5.896181775000000069e-01 6.771550000000003955e-02 -6.875352499999992650e-02
3.751541499999999640e-01 3.734211774999999234e-01 2.701550000000008112e-02 1.507047500000002760e-02
3.798941499999999305e-01 4.287472774999999681e-01 4.378550000000003273e-02 -1.281852499999991402e-02
4.260415000000006280e-02 -6.311582250000008498e-02 1.377549999999994057e-02 -1.700152499999996181e-02
1.511641500000000526e-01 -1.885768225000000742e-01 -3.121449999999992286e-02 2.806847500000009266e-02
-4.662218499999999377e-01 -8.759822500000069567e-03 2.556549999999990774e-02 -2.049052499999992616e-02
9.793741499999999434e-01 -1.442499822500000084e+00 -2.320545000000000524e-01 1.436824750000000872e-01
5.773441500000000559e-01 -4.044188225000000525e-01 -6.932450000000001111e-02 7.315647500000010961e-02
-9.004585000000009387e-02 5.627017749999996266e-02 -2.584499999999989583e-03 5.704750000000702315e-04
-4.322758500000000170e-01 1.532871774999999548e-01 4.888549999999991513e-02 -6.124952499999991584e-02
6.163414999999994315e-02 1.732231774999999363e-01 2.195500000000016882e-03 2.554475000000056006e-03
-1.114358849999999901e+00 6.018431774999999373e-01 1.017755000000000187e-01 -5.164852499999994517e-02
-5.842518500000000170e-01 3.363273774999999688e-01 6.437549999999991890e-02 -6.131052499999994909e-02
-5.438585000000006886e-02 5.742031774999999394e-01 6.327550000000004005e-02 -5.677052499999996060e-02
-4.690578499999999984e-01 5.551571774999999320e-01 8.878549999999996167e-02 -9.477352499999991409e-02
4.829741499999999910e-01 6.671617749999991798e-02 -5.604500000000012250e-03 3.804847500000008154e-02
1.026741499999999085e-01 -1.200258225000000456e-01 -2.142449999999995747e-02 3.506147500000000861e-02
-2.600958499999999063e-01 8.162417749999995031e-02 2.193550000000010769e-02 -3.365652499999993719e-02
7.054041500000001186e-01 -1.034519822500000075e+00 -1.566045000000000353e-01 1.309044750000000201e-01
-4.981368499999999644e-01 1.680411774999999441e-01 4.431549999999995215e-02 -4.419252499999992700e-02
-1.015558500000000031e-01 -2.950208225000000573e-01 -3.997450000000002390e-02 2.313947500000002044e-02
2.226541500000001061e-01 2.089741774999999413e-01 -1.504500000000019710e-03 1.563147500000006129e-02
3.376041499999999917e-01 -4.134282250000004266e-02 3.785499999999997200e-03 2.198847500000000732e-02
